200000000000000000000000000002
200060000000000000000000000002
200000000000000000000000000002
206000000000000000000000000002
200000000000000000000000000002
200006000000000000000000000002
200600000000000000000000000002
200000000000000000000000000002
200000000000000000000000000002
211111111111111111111111111112
211111111111111111111111111112
200000000000000000000000000002
200000000000000000000000000002
211111111111111111111111111112
211111111111111111111111111112
200000000000000000000000000002
200000000000000000000000000002
211111111111111111111111111112
211111111111111111111111111112
211111111111111111111111111112
211111111111111111111111111112
200000000000000000000000000002
200000000000000000000000000002
200000000000000000000000000002
200000000000000000000000000002
211111111111111111111111111112
211111111111111111111111111112
200000000000000000000000000002
200000000000000000000000000002
211111111111111111111111111112
211111111111111111111111111112
211111111111111111111111111112
211111111111111111111111111112
211111111111111111111111111112
211111111111111111111111111112
200000000000000000000000000002
200000000000000000000000000002
200000000000000000000000000002
200000000000000000000000000002
200000000000000000000000000002
200000000000000000000000000002
211111111111111111111111111112
211111111111111111111111111112
211111111111111111111111111112
211111111111111111111111111112
211111111111111111111111111112
211111111111111111111111111112
211111111111111111111111111112
211111111111111111111111111112
200000000000000000000000000002
200000000000000000000000000002
200000000000000000000000000002
200000000000000000000000000002
211111111111111111111111111112
211111111111111111111111111112
211111111111111111111111111112
211111111111111111111111111112
200000000000000000000000000002
200000000000000000000000000002
200000000000000000000000000002
200000000000000000000000000002
200000000000000000000000000002
200000000000000000000000000002
200000000000000000000000000002
200000000000000000000000000002
200000000000000000000000000002
200000000000000000000000000002
200000000000000000000000000002
200000000000000000000000000002
211111111111111111111111111112
211111111111111111111111111112
200000000000000000000000000002
200000000000000000000000000002
211111111111111111111111111112
211111111111111111111111111112
200000000000000000000000000002
200000000000000000000000000002
211111111111111111111111111112
211111111111111111111111111112
211111111111111111111111111112
211111111111111111111111111112
200000000000000000000000000002
200000000000000000000000000002
200000000000000000000000000002
200000000000000000000000000002
200000000000000000000000000002
200000000000000000000000000002
211111111111111111111111111112
211111111111111111111111111112
200000000000000000000000000002
200000000000000000000000000002
200000000000000000000000000002
200000000000000000000000000002
200000000000000000000000000002
200000000000000000000000000002
200000000000000000000000000002
200000000000000000000000000002
200000000000000000000000000002
200000000000000000000000000002
211111111111111111111111111112
211111111111111111111111111112
200000000000000000000000000002
200000000000000000000000000002
211111111111111111111111111112
211111111111111111111111111112
200000000000000000000000000002
200000000000000000000000000002
200000000000000000000000000002
200000000000000000000000000002
211111111111111111111111111112
211111111111111111111111111112
200000000000000000000000000002
200000000000000000000000000002
200000000000000000000000000002
200000000000000000000000000002
211111111111111111111111111112
211111111111111111111111111112
200000000000000000000000000002
200000000000000000000000000002
211111111111111111111111111112
211111111111111111111111111112
211111111111111111111111111112
211111111111111111111111111112
200000000000000000000000000002
200000000000000000000000000002
200000000000000000000000000002
200000000000000000000000000002
211111111111111111111111111112
211111111111111111111111111112
200000000000000000000000000002
200000000000000000000000000002
211111111111111111111111111112
211111111111111111111111111112
200000000000000000000000000002
200000000000000000000000000002
200000000000000000000000000002
200000000000000000000000000002
211111111111111111111111111112
211111111111111111111111111112
211111111111111111111111111112
211111111111111111111111111112
200000000000000000000000000002
200000000000000000000000000002
200000000000000000000000000002
200000000000000000000000000002
211111111111111111111111111112
211111111111111111111111111112
200000000000000000000000000002
200000000000000000000000000002
200000000000000000000000000002
200000000000000000000000000002
200000000000000000000000000002
200000000000000000000000000002
211111111111111111111111111112
211111111111111111111111111112
200000000000000000000000000002
200000000000000000000000000002
211111111111111111111111111112
211111111111111111111111111112
211111111111111111111111111112
211111111111111111111111111112
211111111111111111111111111112
211111111111111111111111111112
200000000000000000000000000002
200000000000000000000000000002
211111111111111111111111111112
211111111111111111111111111112
200000000000000000000000000002
200000000000000000000000000002
211111111111111111111111111112
211111111111111111111111111112
255000000000000000000000000662
206500000000000000000000000562
206000000000000000000000000662
250000000000000000000000000602
211111111111111111111111111112
211111111111111111111111111112
211111111111111111111111111112
211111111111111111111111111112
200550600000000000005000000062
250600000600000000000000006502
211111111111111111111111111112
211111111111111111111111111112
200000000000000000000000500602
250000000000000000000000050052
255000000000000000000000000652
260000000000000000000000000062
211111111111111111111111111112
211111111111111111111111111112
211111111111111111111111111112
211111111111111111111111111112
200060000000000000000000006002
255506000000000000000000600002
205550000000000000000000000662
200600650000000000000000060502
205065000000000000000000000062
200000000000000000000000006502
206050000000000000000000000052
200000000000000000000000000562
200000000000000000000000006002
200000000000000000000000000002
200000000000000000000000000002